0 -541332
1 -592359
2 -557310
3 -486547
4 -545369
5 -606169
6 -573220
7 -557181
8 -511819
9 -558989
10 -460199
11 -587782
12 -494766
13 -512393
14 -604145
15 -613540
16 -503730
17 -549456
18 -489711
19 -495911
20 -639085
21 -437607
22 -539748
23 -610751
24 -580936
25 -565766
26 -559830
27 -552237
28 -505516
29 -586064
30 -495097
31 -553093
32 -557139
33 -575071
34 -542298
35 -476601
36 -576230
37 -507095
38 -528969
39 -525015
40 -499903
41 -507118
42 -491949
43 -450788
44 -555873
45 -535934
46 -558349
47 -474451
48 -581524
49 -419813
50 -496742
51 -596587
52 -532055
53 -481563
54 -592621
55 -492993
56 -551071
57 -545274
58 -480937
59 -597937
60 -487395
61 -574659
62 -457138
63 -557489
64 -532176
65 -467900
66 -505603
67 -575587
68 -509453
69 -525671
70 -493126
71 -550877
72 -500232
73 -566014
74 -537390
75 -537434
76 -463102
77 -484857
78 -467587
79 -570095
80 -509143
81 -533821
82 -502369
83 -531269
84 -538977
85 -542288
86 -549309
87 -516093
88 -451051
89 -554129
90 -501037
91 -483077
92 -554625
93 -487835
94 -493566
95 -581947
96 -530227
97 -435342
98 -572400
99 -558183
100 -555917
101 -511545
102 -576549
103 -487001
104 -521779
105 -469865
106 -546115
107 -539891
108 -577960
109 -521999
110 -517630
111 -505377
112 -505095
113 -533179
114 -611662
115 -518615
116 -510784
117 -501998
118 -539049
119 -499974
120 -544911
121 -527246
122 -505366
123 -472244
124 -406959
125 -533390
126 -569122
127 -521991
128 -491847
129 -521003
130 -570600
131 -490813
132 -521775
133 -528420
134 -446590
135 -586341
136 -528264
137 -564238
138 -522849
139 -582901
140 -546687
141 -533838
142 -479221
143 -552535
144 -452531
145 -570030
146 -475975
147 -528937
148 -487510
149 -515300
150 -491294
151 -556457
152 -480067
153 -542862
154 -507721
155 -583285
156 -549629
157 -537989
158 -545454
159 -547529
160 -535457
161 -464068
162 -489820
163 -441638
164 -471982
165 -510970
166 -557251
167 -519353
168 -571854
169 -511865
170 -489760
171 -477051
172 -485653
173 -517068
174 -479216
175 -519859
176 -483837
177 -512312
178 -576463
179 -566971
180 -551716
181 -471797
182 -559597
183 -495769
184 -557627
185 -555210
186 -526971
187 -505003
188 -548289
189 -591596
190 -532700
191 -555299
192 -488973
193 -529242
194 -563759
195 -535447
196 -545997
197 -534377
198 -527415
199 -490591
200 -478959
201 -554423
202 -436947
203 -540017
204 -554656
205 -542990
206 -581269
207 -458750
208 -566809
209 -580109
210 -469877
211 -559269
212 -480508
213 -526080
214 -561530
215 -513339
216 -552054
217 -488083
218 -504247
219 -571546
220 -537544
221 -585557
222 -475513
223 -510999
224 -477097
225 -503389
226 -504547
227 -496994
228 -552232
229 -555598
230 -526252
231 -553938
232 -548325
233 -514124
234 -514303
235 -518557
236 -478099
237 -530063
238 -524913
239 -561208
240 -534223
241 -508792
242 -443679
243 -497385
244 -489085
245 -553292
246 -535384
247 -476828
248 -556992
249 -515830
250 -483474
251 -520772
252 -513253
253 -525475
254 -468255
255 -519140
256 -524444
257 -456980
258 -550292
259 -487867
260 -500520
261 -527378
262 -574107
263 -474611
264 -447129
265 -511954
266 -551388
267 -502426
268 -471311
269 -546965
270 -474227
271 -574740
272 -523812
273 -577799
274 -531708
275 -485596
276 -521634
277 -583149
278 -564120
279 -467508
280 -499626
281 -484188
282 -494867
283 -596687
284 -502045
285 -522939
286 -582940
287 -538422
288 -498883
289 -566156
290 -502980
291 -494425
292 -550380
293 -618826
294 -524587
295 -585306
296 -625849
297 -533759
298 -544782
299 -544836
300 -560563
301 -519565
302 -455616
303 -544448
304 -487692
305 -506124
306 -492323
307 -544784
308 -464324
309 -451944
310 -440951
311 -540840
312 -518323
313 -527953
314 -536791
315 -537907
316 -446625
317 -478574
318 -495359
319 -542644
320 -549972
321 -516901
322 -538182
323 -564975
324 -527250
325 -504419
326 -515950
327 -512237
328 -498475
329 -422853
330 -537646
331 -542119
332 -537496
333 -516780
334 -539840
335 -515879
336 -586417
337 -468084
338 -527046
339 -591231
340 -456149
341 -582174
342 -554840
343 -507274
344 -447463
345 -510385
346 -483499
347 -486273
348 -498160
349 -522772
350 -567130
351 -514798
352 -517366
353 -536857
354 -499745
355 -488904
356 -546642
357 -525033
358 -572333
359 -579258
360 -533014
361 -478537
362 -490087
363 -474386
364 -534170
365 -542080
366 -511459
367 -575604
368 -502166
369 -460604
370 -523377
371 -494507
372 -506965
373 -494973
374 -541017
375 -556431
376 -537619
377 -500100
378 -498179
379 -560196
380 -504805
381 -493765
382 -482477
383 -467677
384 -515677
385 -544020
386 -457631
387 -486320
388 -569993
389 -494990
390 -548849
391 -535209
392 -493535
393 -509361
394 -484749
395 -524304
396 -456325
397 -516548
398 -587447
399 -579281
400 -444582
401 -514579
402 -508431
403 -467879
404 -520363
405 -511878
406 -611389
407 -499429
408 -501923
409 -522370
410 -560679
411 -468361
412 -572558
413 -526383
414 -479070
415 -501832
416 -553154
417 -494579
418 -521401
419 -546179
420 -491264
421 -534961
422 -535355
423 -509999
424 -538991
425 -552074
426 -589370
427 -529178
428 -474795
429 -504808
430 -491125
431 -498563
432 -548548
433 -543858
434 -534729
435 -574027
436 -541332
437 -520047
438 -524376
439 -456911
440 -534496
441 -522947
442 -497976
443 -477073
444 -515249
445 -509045
446 -556119
447 -517879
448 -555651
449 -480480
450 -552475
451 -551984
452 -426121
453 -528113
454 -600040
455 -449600
456 -558713
457 -518744
458 -480728
459 -571250
460 -452431
461 -519310
462 -548947
463 -476832
464 -498744
465 -540033
466 -537605
467 -532873
468 -575016
469 -520456
470 -525385
471 -561685
472 -544626
473 -527986
474 -502564
475 -531520
476 -503977
477 -535648
478 -579726
479 -501769
480 -612276
481 -505625
482 -523601
483 -534950
484 -535910
485 -525269
486 -505989
487 -487228
488 -449760
489 -543427
490 -533873
491 -555924
492 -542656
493 -526319
494 -560227
495 -529848
496 -580910
497 -463388
498 -550014
499 -458947
500 -532632
501 -506170
502 -576947
503 -508605
504 -554822
505 -497930
506 -600962
507 -511748
508 -537856
509 -514759
510 -458837
511 -546217
512 -551639
513 -423865
514 -546911
515 -509436
516 -602719
517 -523625
518 -575663
519 -560253
520 -558108
521 -573615
522 -507856
523 -558656
524 -539793
525 -513565
526 -557809
527 -473517
528 -558479
529 -502484
530 -473466
531 -513649
532 -535882
533 -548319
534 -476283
535 -514082
536 -532008
537 -431568
538 -522786
539 -445406
540 -552218
541 -503944
542 -550892
543 -536395
544 -499674
545 -529929
546 -499414
547 -531946
548 -484474
549 -520710
550 -503560
551 -468182
552 -570706
553 -472168
554 -504022
555 -581325
556 -468541
557 -549210
558 -544908
559 -554092
560 -456626
561 -574490
562 -525792
563 -496063
564 -499768
565 -578828
566 -596288
567 -513372
568 -603381
569 -536284
570 -435917
571 -626833
572 -504864
573 -531272
574 -556766
575 -473836
576 -509123
577 -530615
578 -503719
579 -467904
580 -537334
581 -577425
582 -546411
583 -538669
584 -506072
585 -499107
586 -608267
587 -523595
588 -493652
589 -560144
590 -492576
591 -427996
592 -513605
593 -474516
594 -489104
595 -578231
596 -481043
597 -557083
598 -572759
599 -511629
600 -556843
601 -541115
602 -503810
603 -559636
604 -506815
605 -568395
606 -486006
607 -527330
608 -570693
609 -543676
610 -599043
611 -579661
612 -429727
613 -572964
614 -562969
615 -494099
616 -457708
617 -457151
618 -560776
619 -549827
620 -514944
621 -474244
622 -533482
623 -512725
624 -577193
625 -491891
626 -587365
627 -487406
628 -434419
629 -509750
630 -605554
631 -515313
632 -499576
633 -542194
634 -486763
635 -518638
636 -546716
637 -543418
638 -500317
639 -461604
640 -550911
641 -552314
642 -547989
643 -504899
644 -548909
645 -466223
646 -516200
647 -572147
648 -559320
649 -461618
650 -646061
651 -577268
652 -498717
653 -514114
654 -557265
655 -542058
656 -458546
657 -472837
658 -460215
659 -472568
660 -559722
661 -507848
662 -558338
663 -497945
664 -530058
665 -560831
666 -508393
667 -494710
668 -565035
669 -450096
670 -543307
671 -532703
672 -556268
673 -530150
674 -397145
675 -588446
676 -524535
677 -499246
678 -534709
679 -490441
680 -458117
681 -543556
682 -521121
683 -569803
684 -569445
685 -533184
686 -596168
687 -442816
688 -433785
689 -469869
690 -509635
691 -526748
692 -565102
693 -477959
694 -531148
695 -529725
696 -570155
697 -503999
698 -461548
699 -495375
700 -540634
701 -541061
702 -449404
703 -579864
704 -491322
705 -494569
706 -573994
707 -512679
708 -437251
709 -535904
710 -518312
711 -563016
712 -530562
713 -556871
714 -580417
715 -522605
716 -572513
717 -528985
718 -516452
719 -533885
720 -497707
721 -592699
722 -511570
723 -547196
724 -492105
725 -508769
726 -591476
727 -449067
728 -568961
729 -560153
730 -555567
731 -534028
732 -512838
733 -544060
734 -579510
735 -552535
736 -585153
737 -553569
738 -523328
739 -418572
740 -554899
741 -559599
742 -589934
743 -559055
744 -533744
745 -614747
746 -555317
747 -496799
748 -548035
749 -468065
750 -556964
751 -529811
752 -563156
753 -610447
754 -534058
755 -513910
756 -455919
757 -552966
758 -535200
759 -556234
760 -579404
761 -486307
762 -491675
763 -503003
764 -512006
765 -533591
766 -569401
767 -482416
768 -515705
769 -521660
770 -577070
771 -455265
772 -530944
773 -518367
774 -516279
775 -505387
776 -569839
777 -560415
778 -516548
779 -478604
780 -448076
781 -495014
782 -497341
783 -514517
784 -493717
785 -536716
786 -441221
787 -503441
788 -556748
789 -609910
790 -447202
791 -534752
792 -604390
793 -497172
794 -494194
795 -516260
796 -493410
797 -540599
798 -501284
799 -564907
800 -511221
801 -542164
802 -500884
803 -509893
804 -459310
805 -490495
806 -568617
807 -488704
808 -546752
809 -469780
810 -557089
811 -484152
812 -457568
813 -473454
814 -559235
815 -494590
816 -504820
817 -475194
818 -563895
819 -515504
820 -544851
821 -446876
822 -521492
823 -542541
824 -503061
825 -494887
826 -462104
827 -587741
828 -573206
829 -537713
830 -504374
831 -491157
832 -517004
833 -550021
834 -584339
835 -558435
836 -566352
837 -575846
838 -472023
839 -506408
840 -471994
841 -521182
842 -525424
843 -520118
844 -477296
845 -577175
846 -554747
847 -558474
848 -535144
849 -507177
850 -558768
851 -530331
852 -478691
853 -591652
854 -595025
855 -528845
856 -488036
857 -516166
858 -575670
859 -513374
860 -480348
861 -535797
862 -570542
863 -477895
864 -589486
865 -513549
866 -550413
867 -539270
868 -536848
869 -506721
870 -472994
871 -515930
872 -562171
873 -526832
874 -518049
875 -475064
876 -501062
877 -528085
878 -500311
879 -497734
880 -572124
881 -537991
882 -541933
883 -568179
884 -450480
885 -600742
886 -519754
887 -589959
888 -501561
889 -471687
890 -578303
891 -519581
892 -553919
893 -519833
894 -483453
895 -551595
896 -532822
897 -509349
898 -510221
899 -604864
900 -607752
901 -556998
902 -569540
903 -545347
904 -537271
905 -529790
906 -509923
907 -501412
908 -541076
909 -509293
910 -525431
911 -468511
912 -558209
913 -544101
914 -632544
915 -545209
916 -441164
917 -565357
918 -480039
919 -525665
920 -563799
921 -546186
922 -581627
923 -598692
924 -579271
925 -519391
926 -577486
927 -498056
928 -568921
929 -591709
930 -544218
931 -561795
932 -530957
933 -525995
934 -557775
935 -556524
936 -587582
937 -480278
938 -544134
939 -573053
940 -524497
941 -498458
942 -493089
943 -502218
944 -530814
945 -528736
946 -556715
947 -526414
948 -505314
949 -525452
950 -565059
951 -571370
952 -572176
953 -497648
954 -520577
955 -571410
956 -475765
957 -502837
958 -469590
959 -554470
960 -483090
961 -551780
962 -590424
963 -529237
964 -523610
965 -551975
966 -590367
967 -559599
968 -537509
969 -575310
970 -548594
971 -515725
972 -584552
973 -658016
974 -553054
975 -546242
976 -433999
977 -459748
978 -581105
979 -595914
980 -541049
981 -530157
982 -499060
983 -524954
984 -548579
985 -500494
986 -469899
987 -548958
988 -481238
989 -524071
990 -481306
991 -607121
992 -512429
993 -501689
994 -637689
995 -467892
996 -541054
997 -454131
998 -571310
999 -525380
